1 0.3625 0.2222222222222222 0.0625 0.2111111111111111
1 0.46875 0.4166666666666667 0.046875 0.15555555555555556
1 0.40625 0.42777777777777776 0.034375 0.14444444444444443
1 0.4375 0.5111111111111111 0.03125 0.10555555555555556
1 0.028125 0.3055555555555556 0.05625 0.18888888888888888
1 0.203125 0.45555555555555555 0.034375 0.12777777777777777
0 0.76875 0.5166666666666667 0.075 0.13333333333333333
1 0.85 0.5333333333333333 0.0375 0.1111111111111111
1 0.471875 0.6 0.03125 0.1
1 0.675 0.6277777777777778 0.03125 0.08888888888888889
1 0.26875 0.5277777777777778 0.0375 0.1111111111111111
1 0.14375 0.4777777777777778 0.028125 0.12222222222222222
0 0.359375 0.6333333333333333 0.046875 0.08888888888888889