1 0.6375 0.7777777777777778 0.0625 0.2111111111111111
1 0.53125 0.5833333333333334 0.046875 0.15555555555555556
1 0.59375 0.5722222222222222 0.034375 0.14444444444444443
1 0.5625 0.4888888888888889 0.03125 0.10555555555555556
1 0.971875 0.6944444444444444 0.05625 0.18888888888888888
1 0.796875 0.5444444444444444 0.034375 0.12777777777777777
0 0.23125 0.48333333333333334 0.075 0.13333333333333333
1 0.15 0.4666666666666667 0.0375 0.1111111111111111
1 0.528125 0.4 0.03125 0.1
1 0.325 0.37222222222222223 0.03125 0.08888888888888889
1 0.73125 0.4722222222222222 0.0375 0.1111111111111111
1 0.85625 0.5222222222222223 0.028125 0.12222222222222222
0 0.640625 0.36666666666666664 0.046875 0.08888888888888889