0 0.809375 0.14150943396226415 0.346875 0.2688679245283019
0 0.51875 0.14622641509433962 0.090625 0.08018867924528301
0 0.475 0.08018867924528301 0.175 0.10377358490566038
1 0.5328125 0.03537735849056604 0.109375 0.07075471698113207
1 0.29375 0.05660377358490566 0.046875 0.11320754716981132
1 0.3640625 0.04481132075471698 0.040625 0.08962264150943396
1 0.03125 0.11320754716981132 0.046875 0.15566037735849056
0 0.175 0.12264150943396226 0.146875 0.08962264150943396
0 0.0875 0.16037735849056603 0.059375 0.0660377358490566
0 0.33125 0.1320754716981132 0.115625 0.08018867924528301
0 0.253125 0.19339622641509435 0.06875 0.0660377358490566
0 0.13125 0.2169811320754717 0.05625 0.06132075471698113
0 0.184375 0.20754716981132076 0.0375 0.05188679245283019