0 0.809375 0.8584905660377359 0.346875 0.2688679245283019
0 0.51875 0.8537735849056604 0.090625 0.08018867924528301
0 0.475 0.9198113207547169 0.175 0.10377358490566038
1 0.5328125 0.964622641509434 0.109375 0.07075471698113207
1 0.29375 0.9433962264150944 0.046875 0.11320754716981132
1 0.3640625 0.9551886792452831 0.040625 0.08962264150943396
1 0.03125 0.8867924528301887 0.046875 0.15566037735849056
0 0.175 0.8773584905660378 0.146875 0.08962264150943396
0 0.0875 0.839622641509434 0.059375 0.0660377358490566
0 0.33125 0.8679245283018868 0.115625 0.08018867924528301
0 0.253125 0.8066037735849056 0.06875 0.0660377358490566
0 0.13125 0.7830188679245284 0.05625 0.06132075471698113
0 0.184375 0.7924528301886793 0.0375 0.05188679245283019