0 0.153125 0.49295774647887325 0.10625 0.14553990610328638
0 0.2 0.6619718309859155 0.125 0.18309859154929578
0 0.2703125 0.8896713615023474 0.165625 0.22065727699530516
0 0.58125 0.8403755868544601 0.159375 0.19718309859154928
0 0.328125 0.352112676056338 0.075 0.13145539906103287
0 0.884375 0.9014084507042254 0.140625 0.19248826291079812
0 0.4625 0.6338028169014085 0.128125 0.1596244131455399
0 0.359375 0.7605633802816901 0.15 0.20657276995305165
0 0.315625 0.596244131455399 0.115625 0.14084507042253522
0 0.64375 0.7323943661971831 0.134375 0.215962441314554
0 0.228125 0.4413145539906103 0.0875 0.14553990610328638
0 0.53125 0.5211267605633803 0.1 0.1267605633802817
0 0.35 0.5117370892018779 0.09375 0.14084507042253522
0 0.403125 0.47417840375586856 0.084375 0.14553990610328638
0 0.446875 0.4413145539906103 0.08125 0.11737089201877934
0 0.828125 0.5586854460093896 0.084375 0.16901408450704225
0 0.4 0.3192488262910798 0.0625 0.107981220657277