1 0.875 0.9055555555555556 0.065625 0.17777777777777778
1 0.221875 0.7277777777777777 0.0375 0.1111111111111111
1 0.26875 0.9277777777777778 0.046875 0.1388888888888889
2 0.35625 0.8277777777777777 0.14375 0.3388888888888889
1 0.553125 0.8333333333333334 0.034375 0.15
1 0.565625 0.6388888888888888 0.03125 0.1111111111111111
1 0.24375 0.6944444444444444 0.025 0.1
0 0.515625 0.7166666666666667 0.075 0.14444444444444443
0 0.428125 0.6666666666666666 0.0625 0.12222222222222222
1 0.590625 0.5666666666666667 0.01875 0.07777777777777778
0 0.5125 0.48333333333333334 0.05 0.08888888888888889
0 0.565625 0.46111111111111114 0.05625 0.07222222222222222
0 0.35 0.5555555555555556 0.046875 0.1111111111111111
0 0.678125 0.5833333333333334 0.084375 0.10555555555555556
0 0.634375 0.4444444444444444 0.05 0.08333333333333333