0 0.55 0.753125 0.205 0.215625
0 0.82 0.73125 0.26 0.203125
0 0.58 0.575 0.155 0.1
0 0.25 0.7875 0.23 0.24375
0 0.38 0.584375 0.175 0.11875
0 0.895 0.553125 0.17 0.084375
0 0.545 0.475 0.13 0.06875
1 0.195 0.65 0.14 0.084375
0 0.7 0.521875 0.14 0.096875
0 0.79 0.465625 0.16 0.071875
0 0.375 0.4875 0.115 0.075
1 0.305 0.4625 0.045 0.053125
0 0.495 0.41875 0.075 0.046875
0 0.64 0.45 0.105 0.05
0 0.57 0.39375 0.07 0.04375
0 0.365 0.4375 0.1 0.046875
0 0.405 0.409375 0.07 0.040625
1 0.43 0.428125 0.035 0.04375
1 0.1 0.715625 0.105 0.096875