0 0.55 0.246875 0.205 0.215625
0 0.82 0.26875 0.26 0.203125
0 0.58 0.425 0.155 0.1
0 0.25 0.2125 0.23 0.24375
0 0.38 0.415625 0.175 0.11875
0 0.895 0.446875 0.17 0.084375
0 0.545 0.525 0.13 0.06875
1 0.195 0.35 0.14 0.084375
0 0.7 0.478125 0.14 0.096875
0 0.79 0.534375 0.16 0.071875
0 0.375 0.5125 0.115 0.075
1 0.305 0.5375 0.045 0.053125
0 0.495 0.58125 0.075 0.046875
0 0.64 0.55 0.105 0.05
0 0.57 0.60625 0.07 0.04375
0 0.365 0.5625 0.1 0.046875
0 0.405 0.590625 0.07 0.040625
1 0.43 0.571875 0.035 0.04375
1 0.1 0.284375 0.105 0.096875