0 0.61875 0.09166666666666666 0.11875 0.15833333333333333
0 0.546875 0.24166666666666667 0.08125 0.11666666666666667
0 0.771875 0.1 0.140625 0.19583333333333333
0 0.559375 0.3541666666666667 0.0625 0.07916666666666666
0 0.68125 0.2125 0.096875 0.12916666666666668
0 0.75 0.3416666666666667 0.078125 0.1
0 0.875 0.2625 0.096875 0.10833333333333334
0 0.909375 0.1125 0.159375 0.16666666666666666
0 0.503125 0.4125 0.06875 0.09166666666666666
0 0.65625 0.35 0.084375 0.10833333333333334
0 0.9375 0.375 0.08125 0.075
0 0.83125 0.42083333333333334 0.0625 0.06666666666666667
0 0.41875 0.4666666666666667 0.0375 0.058333333333333334
0 0.69375 0.3958333333333333 0.05 0.07083333333333333
0 0.65625 0.4375 0.04375 0.058333333333333334
0 0.575 0.45 0.09375 0.12083333333333333
0 0.765625 0.43333333333333335 0.059375 0.058333333333333334
0 0.8875 0.4375 0.065625 0.05