0 0.38125 0.9083333333333333 0.11875 0.15833333333333333
0 0.453125 0.7583333333333333 0.08125 0.11666666666666667
0 0.228125 0.9 0.140625 0.19583333333333333
0 0.440625 0.6458333333333334 0.0625 0.07916666666666666
0 0.31875 0.7875 0.096875 0.12916666666666668
0 0.25 0.6583333333333333 0.078125 0.1
0 0.125 0.7375 0.096875 0.10833333333333334
0 0.090625 0.8875 0.159375 0.16666666666666666
0 0.496875 0.5875 0.06875 0.09166666666666666
0 0.34375 0.65 0.084375 0.10833333333333334
0 0.0625 0.625 0.08125 0.075
0 0.16875 0.5791666666666667 0.0625 0.06666666666666667
0 0.58125 0.5333333333333333 0.0375 0.058333333333333334
0 0.30625 0.6041666666666666 0.05 0.07083333333333333
0 0.34375 0.5625 0.04375 0.058333333333333334
0 0.425 0.55 0.09375 0.12083333333333333
0 0.234375 0.5666666666666667 0.059375 0.058333333333333334
0 0.1125 0.5625 0.065625 0.05