0 0.525 0.7975460122699386 0.06875 0.2147239263803681
0 0.403125 0.8159509202453987 0.103125 0.22699386503067484
1 0.48125 0.754601226993865 0.034375 0.13496932515337423
1 0.7625 0.9141104294478528 0.046875 0.15950920245398773
0 0.390625 0.6319018404907976 0.075 0.1411042944785276
0 0.64375 0.8834355828220859 0.09375 0.22699386503067484
1 0.7 0.852760736196319 0.05 0.17177914110429449
0 0.315625 0.7852760736196319 0.103125 0.17177914110429449
1 0.58125 0.7300613496932515 0.021875 0.12883435582822086
1 0.603125 0.7361963190184049 0.025 0.06748466257668712
1 0.6625 0.6993865030674846 0.021875 0.0736196319018405
1 0.665625 0.7668711656441718 0.025 0.1165644171779141
1 0.553125 0.6871165644171779 0.021875 0.08588957055214724
1 0.521875 0.6073619631901841 0.015625 0.06748466257668712
0 0.6125 0.6625766871165644 0.053125 0.1411042944785276
0 0.459375 0.6503067484662577 0.05 0.12269938650306748
1 0.65 0.6441717791411042 0.021875 0.07975460122699386
1 0.628125 0.6073619631901841 0.01875 0.06748466257668712
0 0.58125 0.4539877300613497 0.025 0.06134969325153374
0 0.5375 0.48466257668711654 0.028125 0.06748466257668712
0 0.4875 0.44171779141104295 0.03125 0.06134969325153374