0 0.571875 0.5258215962441315 0.159375 0.28169014084507044
1 0.690625 0.8356807511737089 0.078125 0.25821596244131456
1 0.815625 0.7887323943661971 0.071875 0.24882629107981222
1 0.70625 0.5539906103286385 0.05 0.19248826291079812
1 0.609375 0.9061032863849765 0.084375 0.18779342723004694
0 0.715625 0.28169014084507044 0.10625 0.13615023474178403
0 0.4 0.7136150234741784 0.190625 0.27230046948356806
1 0.440625 0.8873239436619719 0.059375 0.2112676056338028
1 0.55625 0.8779342723004695 0.05625 0.2300469483568075
1 0.584375 0.7136150234741784 0.059375 0.18779342723004694
0 0.8375 0.5539906103286385 0.125 0.27230046948356806
0 0.7625 0.43661971830985913 0.115625 0.1784037558685446
1 0.91875 0.4694835680751174 0.05 0.1596244131455399
1 0.878125 0.3615023474178404 0.04375 0.09859154929577464
1 0.45625 0.1643192488262911 0.05 0.09389671361502347