0 0.428125 0.5258215962441315 0.159375 0.28169014084507044
1 0.309375 0.8356807511737089 0.078125 0.25821596244131456
1 0.184375 0.7887323943661971 0.071875 0.24882629107981222
1 0.29375 0.5539906103286385 0.05 0.19248826291079812
1 0.390625 0.9061032863849765 0.084375 0.18779342723004694
0 0.284375 0.28169014084507044 0.10625 0.13615023474178403
0 0.6 0.7136150234741784 0.190625 0.27230046948356806
1 0.559375 0.8873239436619719 0.059375 0.2112676056338028
1 0.44375 0.8779342723004695 0.05625 0.2300469483568075
1 0.415625 0.7136150234741784 0.059375 0.18779342723004694
0 0.1625 0.5539906103286385 0.125 0.27230046948356806
0 0.2375 0.43661971830985913 0.115625 0.1784037558685446
1 0.08125 0.4694835680751174 0.05 0.1596244131455399
1 0.121875 0.3615023474178404 0.04375 0.09859154929577464
1 0.54375 0.1643192488262911 0.05 0.09389671361502347