1 0.753125 0.15 0.040625 0.1388888888888889
1 0.78125 0.24444444444444444 0.034375 0.1388888888888889
1 0.8125 0.3 0.0375 0.15
1 0.878125 0.37777777777777777 0.0375 0.14444444444444443
0 0.421875 0.5611111111111111 0.13125 0.25
0 0.475 0.7 0.15 0.2722222222222222
0 0.65625 0.6555555555555556 0.153125 0.20555555555555555
1 0.8625 0.2722222222222222 0.028125 0.13333333333333333
1 0.896875 0.3055555555555556 0.040625 0.1388888888888889
0 0.55 0.39444444444444443 0.09375 0.18333333333333332
0 0.69375 0.36666666666666664 0.103125 0.15555555555555556
0 0.3875 0.4666666666666667 0.10625 0.2222222222222222
0 0.40625 0.3388888888888889 0.11875 0.17777777777777778
0 0.8375 0.5944444444444444 0.14375 0.28888888888888886