0 0.4 0.18333333333333332 0.08125 0.2222222222222222
1 0.128125 0.16666666666666666 0.053125 0.16666666666666666
1 0.6375 0.15555555555555556 0.05 0.14444444444444443
1 0.190625 0.3 0.034375 0.1111111111111111
0 0.571875 0.2833333333333333 0.115625 0.13333333333333333
0 0.29375 0.2722222222222222 0.1 0.1388888888888889
0 0.834375 0.18888888888888888 0.209375 0.23333333333333334
0 0.65 0.35 0.084375 0.1
0 0.45625 0.36666666666666664 0.075 0.12777777777777777
1 0.2625 0.35 0.025 0.07777777777777778
1 0.296875 0.35 0.021875 0.07222222222222222
1 0.3125 0.37222222222222223 0.015625 0.08333333333333333
0 0.5 0.3888888888888889 0.06875 0.07777777777777778
0 0.56875 0.40555555555555556 0.084375 0.1
0 0.371875 0.45 0.0375 0.07777777777777778
0 0.375 0.36666666666666664 0.065625 0.13333333333333333
1 0.140625 0.4 0.015625 0.07222222222222222
0 0.390625 0.5277777777777778 0.046875 0.07777777777777778
0 0.340625 0.5111111111111111 0.0375 0.06666666666666667
0 0.190625 0.37222222222222223 0.05 0.11666666666666667
0 0.090625 0.4 0.05625 0.11666666666666667
1 0.278125 0.39444444444444443 0.01875 0.07222222222222222
1 0.240625 0.49444444444444446 0.009375 0.06111111111111111
1 0.70625 0.35555555555555557 0.03125 0.07222222222222222