0 0.215625 0.9322033898305084 0.08125 0.13135593220338984
0 0.090625 0.9576271186440678 0.078125 0.0847457627118644
0 0.178125 0.8516949152542372 0.046875 0.06779661016949153
0 0.259375 0.8601694915254238 0.059375 0.07627118644067797
0 0.221875 0.8008474576271186 0.04375 0.0635593220338983
1 0.76875 0.8516949152542372 0.025 0.05084745762711865
1 0.93125 0.9364406779661016 0.03125 0.0635593220338983
0 0.896875 0.9533898305084746 0.08125 0.09322033898305085
0 0.353125 0.8008474576271186 0.05 0.07203389830508475
0 0.18125 0.7584745762711864 0.04375 0.05084745762711865
0 0.25625 0.7669491525423728 0.04375 0.05508474576271186
0 0.30625 0.7584745762711864 0.04375 0.08898305084745763
0 0.075 0.7076271186440678 0.040625 0.0423728813559322
0 0.025 0.6949152542372882 0.04375 0.046610169491525424
0 0.578125 0.6949152542372882 0.04375 0.059322033898305086
0 0.228125 0.7033898305084746 0.04375 0.059322033898305086
0 0.346875 0.6483050847457628 0.028125 0.0423728813559322
0 0.25625 0.6864406779661016 0.034375 0.0423728813559322
0 0.2875 0.652542372881356 0.028125 0.03389830508474576
1 0.75625 0.826271186440678 0.015625 0.046610169491525424
1 0.725 0.8050847457627118 0.015625 0.046610169491525424