1 0.16831683168316833 0.240625 0.07425742574257425 0.096875
1 0.44554455445544555 0.340625 0.0594059405940594 0.071875
1 0.19306930693069307 0.290625 0.0594059405940594 0.078125
0 0.39603960396039606 0.234375 0.19801980198019803 0.1125
0 0.297029702970297 0.178125 0.19306930693069307 0.11875
0 0.905940594059406 0.390625 0.1188118811881188 0.06875
0 0.6782178217821783 0.253125 0.20297029702970298 0.0875
0 0.7475247524752475 0.321875 0.13366336633663367 0.090625
1 0.43564356435643564 0.396875 0.054455445544554455 0.05625
0 0.7178217821782178 0.4 0.1485148514851485 0.078125
0 0.5693069306930693 0.3375 0.12871287128712872 0.0875
0 0.3069306930693069 0.278125 0.1485148514851485 0.078125
0 0.07425742574257425 0.290625 0.14356435643564355 0.1
0 0.5445544554455446 0.384375 0.12871287128712872 0.06875
0 0.3118811881188119 0.378125 0.13861386138613863 0.065625
0 0.3118811881188119 0.3375 0.15346534653465346 0.075
0 0.6534653465346535 0.46875 0.09900990099009901 0.05
1 0.5693069306930693 0.46875 0.04455445544554455 0.053125
1 0.7326732673267327 0.48125 0.034653465346534656 0.046875
1 0.7920792079207921 0.496875 0.034653465346534656 0.04375
0 0.6732673267326733 0.159375 0.2376237623762376 0.134375
0 0.5099009900990099 0.434375 0.09405940594059406 0.05625
1 0.8910891089108911 0.115625 0.09405940594059406 0.103125