1 0.8316831683168316 0.759375 0.07425742574257425 0.096875
1 0.5544554455445545 0.659375 0.0594059405940594 0.071875
1 0.806930693069307 0.709375 0.0594059405940594 0.078125
0 0.6039603960396039 0.765625 0.19801980198019803 0.1125
0 0.7029702970297029 0.821875 0.19306930693069307 0.11875
0 0.09405940594059406 0.609375 0.1188118811881188 0.06875
0 0.3217821782178218 0.746875 0.20297029702970298 0.0875
0 0.2524752475247525 0.678125 0.13366336633663367 0.090625
1 0.5643564356435643 0.603125 0.054455445544554455 0.05625
0 0.28217821782178215 0.6 0.1485148514851485 0.078125
0 0.4306930693069307 0.6625 0.12871287128712872 0.0875
0 0.693069306930693 0.721875 0.1485148514851485 0.078125
0 0.9257425742574258 0.709375 0.14356435643564355 0.1
0 0.45544554455445546 0.615625 0.12871287128712872 0.06875
0 0.6881188118811881 0.621875 0.13861386138613863 0.065625
0 0.6881188118811881 0.6625 0.15346534653465346 0.075
0 0.3465346534653465 0.53125 0.09900990099009901 0.05
1 0.4306930693069307 0.53125 0.04455445544554455 0.053125
1 0.26732673267326734 0.51875 0.034653465346534656 0.046875
1 0.2079207920792079 0.503125 0.034653465346534656 0.04375
0 0.32673267326732675 0.840625 0.2376237623762376 0.134375
0 0.4900990099009901 0.565625 0.09405940594059406 0.05625
1 0.10891089108910891 0.884375 0.09405940594059406 0.103125