0 0.6 0.8166666666666667 0.08125 0.2222222222222222
1 0.871875 0.8333333333333334 0.053125 0.16666666666666666
1 0.3625 0.8444444444444444 0.05 0.14444444444444443
1 0.809375 0.7 0.034375 0.1111111111111111
0 0.428125 0.7166666666666667 0.115625 0.13333333333333333
0 0.70625 0.7277777777777777 0.1 0.1388888888888889
0 0.165625 0.8111111111111111 0.209375 0.23333333333333334
0 0.35 0.65 0.084375 0.1
0 0.54375 0.6333333333333333 0.075 0.12777777777777777
1 0.7375 0.65 0.025 0.07777777777777778
1 0.703125 0.65 0.021875 0.07222222222222222
1 0.6875 0.6277777777777778 0.015625 0.08333333333333333
0 0.5 0.6111111111111112 0.06875 0.07777777777777778
0 0.43125 0.5944444444444444 0.084375 0.1
0 0.628125 0.55 0.0375 0.07777777777777778
0 0.625 0.6333333333333333 0.065625 0.13333333333333333
1 0.859375 0.6 0.015625 0.07222222222222222
0 0.609375 0.4722222222222222 0.046875 0.07777777777777778
0 0.659375 0.4888888888888889 0.0375 0.06666666666666667
0 0.809375 0.6277777777777778 0.05 0.11666666666666667
0 0.909375 0.6 0.05625 0.11666666666666667
1 0.721875 0.6055555555555555 0.01875 0.07222222222222222
1 0.759375 0.5055555555555555 0.009375 0.06111111111111111
1 0.29375 0.6444444444444445 0.03125 0.07222222222222222