0 0.49375 0.11312217194570136 0.11875 0.20361990950226244
0 0.640625 0.2171945701357466 0.109375 0.167420814479638
0 0.25625 0.27601809954751133 0.10625 0.13574660633484162
0 0.459375 0.34841628959276016 0.096875 0.167420814479638
0 0.56875 0.4841628959276018 0.053125 0.09954751131221719
0 0.365625 0.48868778280542985 0.05625 0.14479638009049775
0 0.53125 0.5882352941176471 0.0375 0.07239819004524888
0 0.496875 0.45248868778280543 0.053125 0.09049773755656108
1 0.078125 0.33031674208144796 0.03125 0.09954751131221719
1 0.015625 0.29411764705882354 0.03125 0.12217194570135746
1 0.14375 0.4298642533936652 0.03125 0.08144796380090498
1 0.109375 0.39819004524886875 0.028125 0.07692307692307693
1 0.065625 0.46153846153846156 0.025 0.07692307692307693
1 0.0375 0.34841628959276016 0.03125 0.09049773755656108
0 0.925 0.47058823529411764 0.071875 0.08144796380090498
0 0.79375 0.5294117647058824 0.05 0.06787330316742081
0 0.7375 0.579185520361991 0.040625 0.06787330316742081
0 0.9625 0.36199095022624433 0.075 0.11312217194570136
1 0.190625 0.48868778280542985 0.01875 0.07239819004524888
1 0.034375 0.47058823529411764 0.028125 0.06787330316742081
1 0.09375 0.5294117647058824 0.021875 0.058823529411764705
0 0.14375 0.5248868778280543 0.05 0.058823529411764705
0 0.1375 0.4660633484162896 0.071875 0.08597285067873303
0 0.234375 0.5429864253393665 0.05 0.058823529411764705
0 0.775 0.583710407239819 0.034375 0.04524886877828054
0 0.684375 0.6063348416289592 0.0375 0.049773755656108594
0 0.459375 0.6153846153846154 0.040625 0.05429864253393665
0 0.40625 0.6153846153846154 0.03125 0.04524886877828054