1 0.753125 0.85 0.040625 0.1388888888888889
1 0.78125 0.7555555555555555 0.034375 0.1388888888888889
1 0.8125 0.7 0.0375 0.15
1 0.878125 0.6222222222222222 0.0375 0.14444444444444443
0 0.421875 0.4388888888888889 0.13125 0.25
0 0.475 0.3 0.15 0.2722222222222222
0 0.65625 0.34444444444444444 0.153125 0.20555555555555555
1 0.8625 0.7277777777777777 0.028125 0.13333333333333333
1 0.896875 0.6944444444444444 0.040625 0.1388888888888889
0 0.55 0.6055555555555555 0.09375 0.18333333333333332
0 0.69375 0.6333333333333333 0.103125 0.15555555555555556
0 0.3875 0.5333333333333333 0.10625 0.2222222222222222
0 0.40625 0.6611111111111111 0.11875 0.17777777777777778
0 0.8375 0.40555555555555556 0.14375 0.28888888888888886