0 0.50625 0.8868778280542986 0.11875 0.20361990950226244
0 0.359375 0.7828054298642534 0.109375 0.167420814479638
0 0.74375 0.7239819004524887 0.10625 0.13574660633484162
0 0.540625 0.6515837104072398 0.096875 0.167420814479638
0 0.43125 0.5158371040723982 0.053125 0.09954751131221719
0 0.634375 0.5113122171945701 0.05625 0.14479638009049775
0 0.46875 0.4117647058823529 0.0375 0.07239819004524888
0 0.503125 0.5475113122171946 0.053125 0.09049773755656108
1 0.921875 0.669683257918552 0.03125 0.09954751131221719
1 0.984375 0.7058823529411765 0.03125 0.12217194570135746
1 0.85625 0.5701357466063348 0.03125 0.08144796380090498
1 0.890625 0.6018099547511312 0.028125 0.07692307692307693
1 0.934375 0.5384615384615384 0.025 0.07692307692307693
1 0.9625 0.6515837104072398 0.03125 0.09049773755656108
0 0.075 0.5294117647058824 0.071875 0.08144796380090498
0 0.20625 0.47058823529411764 0.05 0.06787330316742081
0 0.2625 0.42081447963800905 0.040625 0.06787330316742081
0 0.0375 0.6380090497737556 0.075 0.11312217194570136
1 0.809375 0.5113122171945701 0.01875 0.07239819004524888
1 0.965625 0.5294117647058824 0.028125 0.06787330316742081
1 0.90625 0.47058823529411764 0.021875 0.058823529411764705
0 0.85625 0.4751131221719457 0.05 0.058823529411764705
0 0.8625 0.5339366515837104 0.071875 0.08597285067873303
0 0.765625 0.45701357466063347 0.05 0.058823529411764705
0 0.225 0.416289592760181 0.034375 0.04524886877828054
0 0.315625 0.3936651583710407 0.0375 0.049773755656108594
0 0.540625 0.38461538461538464 0.040625 0.05429864253393665
0 0.59375 0.38461538461538464 0.03125 0.04524886877828054