0 0.215625 0.06779661016949153 0.08125 0.13135593220338984
0 0.090625 0.0423728813559322 0.078125 0.0847457627118644
0 0.178125 0.1483050847457627 0.046875 0.06779661016949153
0 0.259375 0.13983050847457626 0.059375 0.07627118644067797
0 0.221875 0.19915254237288135 0.04375 0.0635593220338983
1 0.76875 0.1483050847457627 0.025 0.05084745762711865
1 0.93125 0.0635593220338983 0.03125 0.0635593220338983
0 0.896875 0.046610169491525424 0.08125 0.09322033898305085
0 0.353125 0.19915254237288135 0.05 0.07203389830508475
0 0.18125 0.24152542372881355 0.04375 0.05084745762711865
0 0.25625 0.2330508474576271 0.04375 0.05508474576271186
0 0.30625 0.24152542372881355 0.04375 0.08898305084745763
0 0.075 0.2923728813559322 0.040625 0.0423728813559322
0 0.025 0.3050847457627119 0.04375 0.046610169491525424
0 0.578125 0.3050847457627119 0.04375 0.059322033898305086
0 0.228125 0.2966101694915254 0.04375 0.059322033898305086
0 0.346875 0.3516949152542373 0.028125 0.0423728813559322
0 0.25625 0.3135593220338983 0.034375 0.0423728813559322
0 0.2875 0.3474576271186441 0.028125 0.03389830508474576
1 0.75625 0.17372881355932204 0.015625 0.046610169491525424
1 0.725 0.19491525423728814 0.015625 0.046610169491525424