0 0.146875 0.7370892018779343 0.14375 0.3380281690140845
0 0.696875 0.704225352112676 0.1875 0.29107981220657275
1 0.234375 0.8967136150234741 0.065625 0.20187793427230047
1 0.290625 0.8215962441314554 0.06875 0.24413145539906103
0 0.453125 0.812206572769953 0.20625 0.24413145539906103
0 0.3125 0.5727699530516432 0.146875 0.19718309859154928
1 0.44375 0.5070422535211268 0.0375 0.11267605633802817
0 0.63125 0.4084507042253521 0.128125 0.15492957746478872
0 0.5875 0.5258215962441315 0.13125 0.16901408450704225
1 0.80625 0.6948356807511737 0.059375 0.215962441314554
1 0.9 0.5164319248826291 0.0375 0.14084507042253522
1 0.846875 0.5868544600938967 0.046875 0.1596244131455399
0 0.365625 0.431924882629108 0.134375 0.19248826291079812
0 0.240625 0.45539906103286387 0.115625 0.1784037558685446
0 0.428125 0.3286384976525822 0.10625 0.15492957746478872
0 0.09375 0.5821596244131455 0.140625 0.27230046948356806
0 0.75625 0.431924882629108 0.115625 0.1784037558685446
0 0.7 0.3333333333333333 0.09375 0.14553990610328638
0 0.490625 0.27699530516431925 0.071875 0.11737089201877934
0 0.575 0.23943661971830985 0.071875 0.13615023474178403
0 0.321875 0.3051643192488263 0.09375 0.13145539906103287
0 0.25 0.2347417840375587 0.06875 0.10328638497652583
0 0.184375 0.29107981220657275 0.09375 0.09389671361502347
0 0.834375 0.3427230046948357 0.09375 0.16901408450704225