1 0.8 0.9 0.0625 0.19444444444444445
1 0.8625 0.8333333333333334 0.05625 0.17777777777777778
0 0.5125 0.9083333333333333 0.1125 0.18333333333333332
1 0.384375 0.9166666666666666 0.040625 0.16111111111111112
1 0.3125 0.9388888888888889 0.04375 0.12222222222222222
1 0.2625 0.9444444444444444 0.040625 0.1111111111111111
1 0.43125 0.8944444444444445 0.034375 0.16666666666666666
0 0.515625 0.7166666666666667 0.075 0.14444444444444443
0 0.375 0.7444444444444445 0.09375 0.14444444444444443
1 0.3 0.8388888888888889 0.03125 0.15
1 0.31875 0.65 0.025 0.1111111111111111
1 0.353125 0.6222222222222222 0.021875 0.1
1 0.45 0.7388888888888889 0.03125 0.1111111111111111
0 0.596875 0.49444444444444446 0.053125 0.10555555555555556
1 0.403125 0.6055555555555555 0.028125 0.1
1 0.209375 0.9333333333333333 0.046875 0.13333333333333333
1 0.228125 0.8722222222222222 0.0375 0.1388888888888889
1 0.25625 0.8166666666666667 0.0375 0.12777777777777777
1 0.30625 0.75 0.03125 0.1
1 0.28125 0.7277777777777777 0.025 0.12222222222222222
1 0.328125 0.5888888888888889 0.021875 0.08888888888888889
1 0.4875 0.6277777777777778 0.021875 0.1
1 0.4375 0.5944444444444444 0.01875 0.08333333333333333
1 0.465625 0.5888888888888889 0.021875 0.09444444444444444
1 0.634375 0.4666666666666667 0.021875 0.07222222222222222
1 0.625 0.40555555555555556 0.01875 0.05
1 0.590625 0.40555555555555556 0.015625 0.05555555555555555
0 0.50625 0.5722222222222222 0.05625 0.08888888888888889
0 0.409375 0.5444444444444444 0.053125 0.08888888888888889