1 0.678125 0.45555555555555555 0.0625 0.2
0 0.840625 0.6611111111111111 0.1875 0.40555555555555556
1 0.85 0.35 0.046875 0.18888888888888888
1 0.3125 0.5944444444444444 0.096875 0.15555555555555556
1 0.253125 0.1388888888888889 0.0625 0.10555555555555556
1 0.6 0.1 0.078125 0.13333333333333333
1 0.96875 0.16666666666666666 0.059375 0.19444444444444445
1 0.896875 0.2222222222222222 0.05 0.16666666666666666
1 0.7625 0.06111111111111111 0.09375 0.12222222222222222
0 0.375 0.09444444444444444 0.140625 0.12222222222222222
1 0.390625 0.5055555555555555 0.06875 0.2
1 0.334375 0.37222222222222223 0.09375 0.15
1 0.096875 0.5833333333333334 0.071875 0.18333333333333332
0 0.746875 0.3277777777777778 0.140625 0.25