1 0.60625 0.8465116279069768 0.040625 0.11162790697674418
1 0.684375 0.7627906976744186 0.040625 0.10232558139534884
1 0.48125 0.7441860465116279 0.03125 0.09302325581395349
1 0.584375 0.7162790697674418 0.025 0.07906976744186046
0 0.53125 0.7627906976744186 0.0625 0.12558139534883722
0 0.4375 0.7395348837209302 0.06875 0.10697674418604651
0 0.6375 0.7209302325581395 0.05625 0.10232558139534884
1 0.7125 0.6511627906976745 0.025 0.06976744186046512
1 0.66875 0.6790697674418604 0.021875 0.05581395348837209
1 0.565625 0.6604651162790698 0.021875 0.06046511627906977
0 0.340625 0.7674418604651163 0.0875 0.11627906976744186
0 0.465625 0.6651162790697674 0.046875 0.06511627906976744
0 0.3875 0.6790697674418604 0.0625 0.06976744186046512
0 0.525 0.641860465116279 0.040625 0.06511627906976744
1 0.671875 0.641860465116279 0.015625 0.05581395348837209
0 0.8 0.8 0.084375 0.14418604651162792
0 0.415625 0.8790697674418605 0.103125 0.16744186046511628
1 0.696875 0.6232558139534884 0.01875 0.046511627906976744
1 0.671875 0.5906976744186047 0.01875 0.04186046511627907
1 0.6375 0.6139534883720931 0.015625 0.05116279069767442
1 0.5 0.6093023255813953 0.0125 0.05116279069767442
0 0.53125 0.48372093023255813 0.01875 0.013953488372093023
0 0.55 0.4697674418604651 0.009375 0.013953488372093023
0 0.590625 0.5116279069767442 0.04375 0.023255813953488372
1 0.63125 0.5116279069767442 0.01875 0.023255813953488372
1 0.51875 0.5162790697674419 0.01875 0.023255813953488372
0 0.50625 0.4558139534883721 0.00625 0.009302325581395349
0 0.7015625 0.9093023255813953 0.128125 0.1813953488372093
0 0.415625 0.6186046511627907 0.046875 0.05116279069767442
1 0.478125 0.5488372093023256 0.009375 0.03255813953488372
0 0.615625 0.48372093023255813 0.025 0.018604651162790697