1 0.49375 0.3743016759776536 0.040625 0.11173184357541899
1 0.4 0.16201117318435754 0.053125 0.12849162011173185
1 0.321875 0.1340782122905028 0.059375 0.10614525139664804
1 0.315625 0.055865921787709494 0.05625 0.11173184357541899
1 0.66875 0.33519553072625696 0.046875 0.11173184357541899
1 0.6875 0.40782122905027934 0.028125 0.09497206703910614
1 0.628125 0.553072625698324 0.034375 0.08379888268156424
1 0.640625 0.6089385474860335 0.021875 0.0670391061452514
1 0.603125 0.6201117318435754 0.028125 0.07262569832402235
1 0.484375 0.5251396648044693 0.028125 0.061452513966480445
0 0.475 0.44692737430167595 0.0875 0.12290502793296089
0 0.5 0.5921787709497207 0.078125 0.11731843575418995
0 0.575 0.659217877094972 0.071875 0.08379888268156424
0 0.209375 0.07541899441340782 0.13125 0.15083798882681565
0 0.671875 0.5251396648044693 0.0625 0.11731843575418995
0 0.6625 0.6871508379888268 0.053125 0.07262569832402235
1 0.740625 0.7039106145251397 0.025 0.0670391061452514