0 0.328125 0.8397790055248618 0.14375 0.2154696132596685
0 0.475 0.6298342541436464 0.109375 0.20994475138121546
1 0.409375 0.6408839779005525 0.05 0.1270718232044199
1 0.534375 0.6077348066298343 0.040625 0.12154696132596685
1 0.58125 0.8176795580110497 0.040625 0.13812154696132597
1 0.51875 0.8839779005524862 0.040625 0.1270718232044199
1 0.625 0.8287292817679558 0.03125 0.143646408839779
1 0.615625 0.6850828729281768 0.040625 0.09392265193370165
1 0.6625 0.6740331491712708 0.034375 0.09944751381215469
1 0.640625 0.7458563535911602 0.034375 0.11602209944751381
1 0.59375 0.6685082872928176 0.03125 0.10497237569060773
1 0.50625 0.49171270718232046 0.028125 0.0718232044198895
1 0.53125 0.4585635359116022 0.015625 0.08287292817679558
1 0.55 0.46408839779005523 0.021875 0.07734806629834254