1 0.50625 0.6256983240223464 0.040625 0.11173184357541899
1 0.6 0.8379888268156425 0.053125 0.12849162011173185
1 0.678125 0.8659217877094972 0.059375 0.10614525139664804
1 0.684375 0.9441340782122905 0.05625 0.11173184357541899
1 0.33125 0.664804469273743 0.046875 0.11173184357541899
1 0.3125 0.5921787709497207 0.028125 0.09497206703910614
1 0.371875 0.44692737430167595 0.034375 0.08379888268156424
1 0.359375 0.39106145251396646 0.021875 0.0670391061452514
1 0.396875 0.37988826815642457 0.028125 0.07262569832402235
1 0.515625 0.4748603351955307 0.028125 0.061452513966480445
0 0.525 0.553072625698324 0.0875 0.12290502793296089
0 0.5 0.40782122905027934 0.078125 0.11731843575418995
0 0.425 0.3407821229050279 0.071875 0.08379888268156424
0 0.790625 0.9245810055865922 0.13125 0.15083798882681565
0 0.328125 0.4748603351955307 0.0625 0.11731843575418995
0 0.3375 0.3128491620111732 0.053125 0.07262569832402235
1 0.259375 0.29608938547486036 0.025 0.0670391061452514