1 0.475 0.19444444444444445 0.046875 0.23333333333333334
1 0.265625 0.2722222222222222 0.0375 0.2111111111111111
1 0.284375 0.46111111111111114 0.040625 0.18333333333333332
0 0.609375 0.17777777777777778 0.11875 0.24444444444444444
0 0.525 0.32222222222222224 0.125 0.19444444444444445
0 0.4875 0.5611111111111111 0.09375 0.20555555555555555
1 0.328125 0.5777777777777777 0.040625 0.1388888888888889
1 0.946875 0.2777777777777778 0.04375 0.18333333333333332
1 0.884375 0.29444444444444445 0.053125 0.2
1 0.83125 0.3388888888888889 0.065625 0.18333333333333332
1 0.721875 0.5277777777777778 0.05625 0.2
1 0.95625 0.4888888888888889 0.046875 0.15555555555555556