1 0.475 0.8055555555555556 0.046875 0.23333333333333334
1 0.265625 0.7277777777777777 0.0375 0.2111111111111111
1 0.284375 0.5388888888888889 0.040625 0.18333333333333332
0 0.609375 0.8222222222222222 0.11875 0.24444444444444444
0 0.525 0.6777777777777778 0.125 0.19444444444444445
0 0.4875 0.4388888888888889 0.09375 0.20555555555555555
1 0.328125 0.4222222222222222 0.040625 0.1388888888888889
1 0.946875 0.7222222222222222 0.04375 0.18333333333333332
1 0.884375 0.7055555555555556 0.053125 0.2
1 0.83125 0.6611111111111111 0.065625 0.18333333333333332
1 0.721875 0.4722222222222222 0.05625 0.2
1 0.95625 0.5111111111111111 0.046875 0.15555555555555556