0 0.871875 0.2375 0.15 0.19583333333333333
0 0.18125 0.21666666666666667 0.19375 0.1875
1 0.45625 0.31666666666666665 0.0625 0.10416666666666667
1 0.33125 0.22083333333333333 0.08125 0.15833333333333333
0 0.840625 0.375 0.1375 0.14583333333333334
0 0.703125 0.375 0.1 0.13333333333333333
0 0.66875 0.4625 0.08125 0.1125
0 0.590625 0.25833333333333336 0.1 0.1625
0 0.428125 0.4666666666666667 0.10625 0.1
0 0.30625 0.37916666666666665 0.08125 0.14583333333333334
1 0.5 0.6083333333333333 0.028125 0.07083333333333333
1 0.76875 0.2 0.05625 0.1375
1 0.696875 0.12083333333333333 0.05625 0.17083333333333334
1 0.23125 0.3625 0.0375 0.1125
1 0.25 0.49166666666666664 0.028125 0.0875
1 0.35625 0.4666666666666667 0.040625 0.1
1 0.61875 0.5291666666666667 0.03125 0.07916666666666666
0 0.790625 0.475 0.096875 0.11666666666666667
0 0.525 0.37083333333333335 0.215625 0.12916666666666668