0 0.128125 0.7625 0.15 0.19583333333333333
0 0.81875 0.7833333333333333 0.19375 0.1875
1 0.54375 0.6833333333333333 0.0625 0.10416666666666667
1 0.66875 0.7791666666666667 0.08125 0.15833333333333333
0 0.159375 0.625 0.1375 0.14583333333333334
0 0.296875 0.625 0.1 0.13333333333333333
0 0.33125 0.5375 0.08125 0.1125
0 0.409375 0.7416666666666667 0.1 0.1625
0 0.571875 0.5333333333333333 0.10625 0.1
0 0.69375 0.6208333333333333 0.08125 0.14583333333333334
1 0.5 0.39166666666666666 0.028125 0.07083333333333333
1 0.23125 0.8 0.05625 0.1375
1 0.303125 0.8791666666666667 0.05625 0.17083333333333334
1 0.76875 0.6375 0.0375 0.1125
1 0.75 0.5083333333333333 0.028125 0.0875
1 0.64375 0.5333333333333333 0.040625 0.1
1 0.38125 0.4708333333333333 0.03125 0.07916666666666666
0 0.209375 0.525 0.096875 0.11666666666666667
0 0.475 0.6291666666666667 0.215625 0.12916666666666668