1 0.7109375 0.8808411214953271 0.103125 0.2383177570093458
1 0.471875 0.7336448598130841 0.078125 0.22897196261682243
1 0.34375 0.9182242990654206 0.0875 0.16355140186915887
1 0.253125 0.794392523364486 0.0875 0.26635514018691586
0 0.1078125 0.8294392523364486 0.215625 0.3411214953271028
0 0.65 0.6495327102803738 0.18125 0.27102803738317754
1 0.39375 0.5093457943925234 0.05625 0.20093457943925233
1 0.35625 0.45794392523364486 0.040625 0.17757009345794392
1 0.446875 0.37850467289719625 0.05625 0.17757009345794392
1 0.8 0.411214953271028 0.0625 0.19158878504672897
0 0.171875 0.6074766355140186 0.203125 0.205607476635514
1 0.39375 0.3130841121495327 0.040625 0.17289719626168223
1 0.728125 0.4532710280373832 0.065625 0.205607476635514
1 0.51875 0.3317757009345794 0.04375 0.14485981308411214
1 0.678125 0.397196261682243 0.040625 0.16822429906542055
1 0.65 0.308411214953271 0.040625 0.14953271028037382
1 0.58125 0.2803738317757009 0.040625 0.14018691588785046
0 0.534375 0.5327102803738317 0.15625 0.26635514018691586
1 0.46875 0.2336448598130841 0.040625 0.13551401869158877
1 0.696875 0.2616822429906542 0.05625 0.13551401869158877
1 0.340625 0.24766355140186916 0.046875 0.14018691588785046
1 0.515625 0.1822429906542056 0.040625 0.1261682242990654