0 0.60625 0.735 0.05625 0.095
0 0.5 0.77 0.0625 0.12
0 0.4375 0.665 0.04375 0.07
0 0.5 0.69 0.05 0.085
1 0.90625 0.895 0.028125 0.1
0 0.109375 0.69 0.075 0.085
0 0.215625 0.66 0.059375 0.08
0 0.3 0.66 0.04375 0.075
0 0.521875 0.615 0.040625 0.08
0 0.471875 0.56 0.0375 0.055
0 0.571875 0.55 0.034375 0.07
0 0.340625 0.6 0.040625 0.055
0 0.334375 0.565 0.034375 0.055
0 0.33125 0.52 0.034375 0.045
0 0.175 0.54 0.034375 0.035
1 0.09375 0.575 0.015625 0.04
1 0.821875 0.635 0.01875 0.05
0 0.521875 0.515 0.025 0.045
0 0.4875 0.515 0.021875 0.04