1 0.3703125 0.9275 0.065625 0.145
1 0.709375 0.855 0.0625 0.175
1 0.746875 0.81 0.05 0.145
1 0.371875 0.735 0.04375 0.145
0 0.571875 0.77 0.096875 0.19
1 0.6875 0.705 0.0375 0.13
1 0.53125 0.65 0.03125 0.115
1 0.459375 0.58 0.03125 0.115
0 0.39375 0.655 0.090625 0.16
0 0.646875 0.585 0.078125 0.125
1 0.48125 0.52 0.028125 0.095
1 0.565625 0.495 0.0375 0.095
1 0.6875 0.555 0.0375 0.1
0 0.415625 0.535 0.075 0.12
0 0.6375 0.44 0.0625 0.105
1 0.546875 0.4 0.03125 0.08
1 0.590625 0.4 0.025 0.08
1 0.49375 0.435 0.025 0.085
0 0.440625 0.48 0.06875 0.12
0 0.334375 0.245 0.046875 0.07
0 0.571875 0.275 0.059375 0.07
1 0.503125 0.35 0.021875 0.065