1 0.6296875 0.9275 0.065625 0.145
1 0.290625 0.855 0.0625 0.175
1 0.253125 0.81 0.05 0.145
1 0.628125 0.735 0.04375 0.145
0 0.428125 0.77 0.096875 0.19
1 0.3125 0.705 0.0375 0.13
1 0.46875 0.65 0.03125 0.115
1 0.540625 0.58 0.03125 0.115
0 0.60625 0.655 0.090625 0.16
0 0.353125 0.585 0.078125 0.125
1 0.51875 0.52 0.028125 0.095
1 0.434375 0.495 0.0375 0.095
1 0.3125 0.555 0.0375 0.1
0 0.584375 0.535 0.075 0.12
0 0.3625 0.44 0.0625 0.105
1 0.453125 0.4 0.03125 0.08
1 0.409375 0.4 0.025 0.08
1 0.50625 0.435 0.025 0.085
0 0.559375 0.48 0.06875 0.12
0 0.665625 0.245 0.046875 0.07
0 0.428125 0.275 0.059375 0.07
1 0.496875 0.35 0.021875 0.065